kinematics:
  shoulder:
    x: 0
    y: 0
    z: 0.1626029095248662
    roll: -0
    pitch: 0
    yaw: -1.047584096657006e-07
  upper_arm:
    x: 0.000194973781228807
    y: 0
    z: 0
    roll: 1.570260374437071
    pitch: 0
    yaw: 3.44115927702227e-06
  forearm:
    x: -0.4251332364445022
    y: 0
    z: 0
    roll: 3.139942192883838
    pitch: 3.140012483986466
    yaw: -3.141591600890475
  wrist_1:
    x: -0.3920342780804001
    y: 2.767917884707008e-05
    z: 0.134024776007814
    roll: 3.141386130741719
    pitch: 3.14065828833076
    yaw: 3.141590596375345
  wrist_2:
    x: 0.0001276812520915599
    y: -0.09969962959103686
    z: 7.589634862318087e-05
    roll: 1.570035076885806
    pitch: 0
    yaw: 1.437740912172347e-06
  wrist_3:
    x: 3.442525010844671e-05
    y: 0.09960871511715781
    z: 3.45560254475382e-05
    roll: 1.571143244471935
    pitch: 3.141592653589793
    yaw: 3.141592529482615
  hash: calib_10781969891107730401